#DeepConCNF_SS8: eight-class secondary structure prediction results 
#probabilities are in the order of H G I E B T S L(loops), the 8 secondary structure types used in DSSP 
   1 G L   0.000 0.000 0.000 0.000 0.000 0.000 0.000 0.999 
   2 P L   0.011 0.001 0.000 0.008 0.007 0.009 0.001 0.962 
   3 L L   0.040 0.016 0.000 0.018 0.008 0.049 0.025 0.844 
   4 G L   0.043 0.022 0.000 0.025 0.005 0.036 0.054 0.816 
   5 S L   0.067 0.032 0.000 0.030 0.009 0.042 0.064 0.756 
   6 M L   0.076 0.042 0.000 0.044 0.013 0.056 0.060 0.708 
   7 S L   0.068 0.044 0.000 0.073 0.010 0.046 0.086 0.674 
   8 S L   0.077 0.047 0.000 0.121 0.011 0.042 0.088 0.615 
   9 I L   0.060 0.019 0.000 0.151 0.011 0.047 0.080 0.632 
  10 G L   0.053 0.019 0.000 0.199 0.016 0.068 0.067 0.578 
  11 L L   0.064 0.033 0.000 0.231 0.015 0.038 0.063 0.555 
  12 A L   0.059 0.052 0.000 0.318 0.012 0.034 0.058 0.466 
  13 H E   0.046 0.050 0.000 0.371 0.005 0.086 0.118 0.324 
  14 N E   0.036 0.021 0.000 0.478 0.007 0.109 0.092 0.258 
  15 V E   0.026 0.006 0.000 0.671 0.005 0.007 0.019 0.266 
  16 T E   0.023 0.006 0.000 0.816 0.005 0.006 0.013 0.131 
  17 I E   0.025 0.009 0.000 0.880 0.009 0.008 0.010 0.060 
  18 L E   0.022 0.011 0.000 0.782 0.006 0.033 0.022 0.124 
  19 G E   0.002 0.007 0.000 0.472 0.004 0.081 0.127 0.306 
  20 S L   0.001 0.007 0.000 0.240 0.011 0.154 0.245 0.340 
  21 G S   0.002 0.013 0.000 0.150 0.004 0.253 0.433 0.146 
  22 E L   0.006 0.016 0.000 0.266 0.006 0.146 0.255 0.304 
  23 T E   0.006 0.007 0.000 0.708 0.008 0.020 0.067 0.183 
  24 T E   0.005 0.001 0.000 0.909 0.002 0.001 0.015 0.066 
  25 V E   0.005 0.000 0.000 0.979 0.001 0.001 0.002 0.012 
  26 V E   0.005 0.000 0.000 0.984 0.001 0.001 0.001 0.008 
  27 L E   0.004 0.001 0.000 0.915 0.002 0.011 0.007 0.060 
  28 G E   0.002 0.002 0.000 0.583 0.005 0.024 0.068 0.315 
  29 H L   0.003 0.007 0.000 0.311 0.020 0.079 0.135 0.445 
  30 G T   0.015 0.023 0.000 0.131 0.016 0.291 0.281 0.243 
  31 Y T   0.027 0.035 0.000 0.075 0.021 0.344 0.273 0.225 
  32 G S   0.041 0.037 0.000 0.060 0.020 0.282 0.287 0.273 
  33 T L   0.142 0.029 0.000 0.050 0.029 0.120 0.231 0.398 
  34 D L   0.254 0.028 0.000 0.045 0.018 0.069 0.154 0.433 
  35 Q H   0.652 0.057 0.000 0.040 0.005 0.116 0.057 0.073 
  36 S H   0.706 0.056 0.000 0.052 0.005 0.103 0.032 0.047 
  37 V H   0.762 0.058 0.000 0.068 0.003 0.045 0.022 0.041 
  38 W H   0.787 0.039 0.000 0.106 0.003 0.021 0.013 0.030 
  39 K H   0.781 0.036 0.000 0.132 0.002 0.022 0.007 0.019 
  40 L H   0.766 0.030 0.000 0.139 0.002 0.036 0.008 0.019 
  41 L H   0.772 0.030 0.000 0.135 0.004 0.036 0.008 0.015 
  42 V H   0.741 0.050 0.000 0.110 0.001 0.028 0.022 0.047 
  43 P H   0.682 0.085 0.000 0.082 0.001 0.110 0.012 0.029 
  44 Y H   0.614 0.078 0.001 0.088 0.003 0.185 0.012 0.019 
  45 L H   0.555 0.036 0.001 0.113 0.025 0.121 0.054 0.094 
  46 V H   0.441 0.026 0.001 0.106 0.017 0.136 0.040 0.233 
  47 D T   0.195 0.027 0.000 0.063 0.002 0.503 0.120 0.089 
  48 D T   0.109 0.034 0.000 0.080 0.001 0.559 0.130 0.087 
  49 Y E   0.076 0.017 0.000 0.408 0.007 0.131 0.083 0.278 
  50 K E   0.057 0.008 0.000 0.656 0.004 0.030 0.076 0.170 
  51 V E   0.055 0.003 0.000 0.877 0.004 0.003 0.006 0.053 
  52 L E   0.054 0.002 0.000 0.909 0.003 0.002 0.003 0.026 
  53 L E   0.051 0.003 0.000 0.900 0.003 0.005 0.006 0.032 
  54 Y E   0.048 0.008 0.000 0.820 0.005 0.012 0.020 0.086 
  55 D E   0.042 0.014 0.000 0.517 0.007 0.044 0.089 0.286 
  56 H L   0.043 0.034 0.001 0.245 0.023 0.201 0.135 0.319 
  57 M T   0.034 0.035 0.001 0.101 0.034 0.348 0.150 0.297 
  58 G L   0.022 0.041 0.000 0.063 0.033 0.297 0.201 0.343 
  59 A L   0.033 0.053 0.000 0.031 0.025 0.288 0.207 0.362 
  60 G T   0.018 0.065 0.000 0.034 0.021 0.331 0.234 0.297 
  61 T S   0.012 0.058 0.000 0.044 0.025 0.249 0.307 0.306 
  62 T S   0.009 0.023 0.000 0.044 0.069 0.141 0.360 0.354 
  63 N L   0.007 0.013 0.000 0.017 0.012 0.015 0.294 0.642 
  64 P T   0.108 0.287 0.000 0.006 0.006 0.373 0.064 0.155 
  65 D T   0.115 0.329 0.000 0.020 0.009 0.371 0.055 0.100 
  66 Y G   0.162 0.354 0.000 0.061 0.015 0.188 0.069 0.151 
  67 F L   0.171 0.096 0.001 0.109 0.059 0.105 0.128 0.332 
  68 D L   0.164 0.064 0.000 0.116 0.033 0.091 0.083 0.449 
  69 F H   0.388 0.091 0.000 0.085 0.016 0.191 0.056 0.173 
  70 D H   0.374 0.090 0.000 0.065 0.009 0.221 0.066 0.175 
  71 R H   0.366 0.096 0.000 0.070 0.010 0.226 0.097 0.135 
  72 Y H   0.362 0.056 0.001 0.088 0.033 0.136 0.089 0.234 
  73 S H   0.294 0.050 0.001 0.088 0.034 0.123 0.149 0.262 
  74 S H   0.286 0.051 0.000 0.074 0.027 0.136 0.144 0.280 
  75 L H   0.400 0.063 0.000 0.052 0.018 0.141 0.128 0.197 
  76 E H   0.423 0.069 0.000 0.033 0.007 0.253 0.077 0.136 
  77 G H   0.440 0.073 0.000 0.027 0.005 0.209 0.105 0.141 
  78 Y H   0.480 0.042 0.000 0.044 0.031 0.055 0.079 0.268 
  79 S H   0.655 0.019 0.000 0.033 0.012 0.028 0.069 0.185 
  80 Y H   0.872 0.006 0.000 0.032 0.006 0.020 0.029 0.036 
  81 D H   0.883 0.003 0.000 0.022 0.003 0.011 0.015 0.062 
  82 L H   0.968 0.003 0.000 0.015 0.000 0.005 0.002 0.007 
  83 I H   0.977 0.001 0.000 0.015 0.000 0.002 0.001 0.003 
  84 A H   0.974 0.002 0.000 0.014 0.000 0.004 0.001 0.005 
  85 I H   0.975 0.001 0.000 0.012 0.000 0.006 0.001 0.004 
  86 L H   0.968 0.002 0.000 0.009 0.000 0.007 0.003 0.009 
  87 E H   0.933 0.005 0.000 0.005 0.000 0.047 0.004 0.005 
  88 E H   0.860 0.007 0.000 0.003 0.000 0.119 0.005 0.005 
  89 F T   0.306 0.008 0.000 0.005 0.002 0.465 0.083 0.132 
  90 Q T   0.017 0.003 0.000 0.016 0.007 0.687 0.041 0.230 
  91 V L   0.014 0.006 0.000 0.052 0.006 0.017 0.050 0.855 
  92 S L   0.003 0.010 0.000 0.107 0.001 0.016 0.343 0.519 
  93 K E   0.004 0.019 0.000 0.688 0.004 0.057 0.132 0.096 
  94 C E   0.003 0.003 0.000 0.900 0.002 0.005 0.014 0.073 
  95 I E   0.002 0.001 0.000 0.969 0.001 0.001 0.006 0.019 
  96 Y E   0.002 0.000 0.000 0.970 0.002 0.001 0.002 0.022 
  97 V E   0.003 0.001 0.000 0.814 0.003 0.025 0.028 0.126 
  98 G E   0.007 0.007 0.000 0.438 0.005 0.094 0.194 0.255 
  99 H L   0.021 0.014 0.000 0.148 0.010 0.059 0.361 0.388 
 100 S L   0.092 0.025 0.001 0.079 0.039 0.100 0.248 0.416 
 101 M H   0.578 0.050 0.000 0.020 0.007 0.067 0.128 0.150 
 102 S H   0.665 0.055 0.000 0.011 0.005 0.053 0.092 0.119 
 103 S H   0.814 0.051 0.000 0.004 0.002 0.048 0.042 0.039 
 104 M H   0.909 0.016 0.000 0.003 0.002 0.030 0.016 0.024 
 105 A H   0.950 0.007 0.000 0.005 0.001 0.011 0.009 0.017 
 106 A H   0.965 0.005 0.000 0.008 0.001 0.009 0.006 0.006 
 107 A H   0.966 0.004 0.000 0.011 0.001 0.009 0.003 0.006 
 108 V H   0.962 0.006 0.000 0.014 0.001 0.008 0.004 0.005 
 109 A H   0.941 0.013 0.000 0.013 0.000 0.019 0.004 0.008 
 110 S H   0.831 0.023 0.000 0.014 0.001 0.115 0.007 0.008 
 111 I H   0.746 0.021 0.000 0.019 0.002 0.149 0.036 0.027 
 112 F H   0.586 0.013 0.001 0.026 0.015 0.139 0.119 0.101 
 113 R L   0.087 0.025 0.000 0.015 0.005 0.084 0.090 0.694 
 114 P G   0.221 0.299 0.000 0.010 0.003 0.225 0.067 0.176 
 115 D G   0.254 0.310 0.000 0.021 0.003 0.238 0.077 0.096 
 116 L H   0.286 0.275 0.000 0.125 0.006 0.125 0.079 0.105 
 117 F H   0.286 0.127 0.000 0.256 0.009 0.103 0.056 0.163 
 118 H E   0.256 0.090 0.000 0.339 0.003 0.086 0.109 0.116 
 119 K E   0.247 0.060 0.000 0.467 0.003 0.061 0.055 0.106 
 120 L E   0.229 0.038 0.000 0.571 0.005 0.024 0.039 0.094 
 121 V E   0.202 0.027 0.000 0.639 0.007 0.034 0.023 0.068 
 122 M E   0.165 0.019 0.000 0.639 0.005 0.060 0.030 0.081 
 123 I E   0.077 0.012 0.000 0.553 0.014 0.073 0.083 0.187 
 124 S L   0.018 0.003 0.000 0.268 0.005 0.015 0.182 0.509 
 125 P L   0.010 0.003 0.000 0.079 0.007 0.024 0.281 0.597 
 126 T L   0.017 0.007 0.000 0.045 0.013 0.017 0.145 0.755 
 127 P L   0.091 0.107 0.000 0.053 0.008 0.098 0.129 0.514 
 128 R L   0.104 0.126 0.000 0.131 0.025 0.121 0.152 0.340 
 129 L L   0.127 0.128 0.000 0.187 0.039 0.065 0.101 0.353 
 130 I L   0.127 0.050 0.000 0.165 0.033 0.127 0.127 0.371 
 131 N L   0.100 0.030 0.000 0.112 0.013 0.153 0.139 0.452 
 132 T L   0.280 0.069 0.000 0.062 0.009 0.134 0.106 0.340 
 133 E H   0.402 0.145 0.000 0.068 0.007 0.129 0.094 0.154 
 134 E H   0.402 0.186 0.000 0.091 0.010 0.095 0.067 0.148 
 135 Y H   0.407 0.159 0.000 0.110 0.022 0.104 0.050 0.147 
 136 Y H   0.379 0.080 0.001 0.111 0.032 0.174 0.078 0.145 
 137 G T   0.264 0.037 0.000 0.057 0.007 0.295 0.135 0.205 
 138 G H   0.326 0.031 0.000 0.037 0.008 0.212 0.179 0.207 
 139 F H   0.490 0.025 0.000 0.052 0.032 0.080 0.120 0.201 
 140 E H   0.535 0.026 0.000 0.041 0.009 0.041 0.036 0.311 
 141 Q H   0.828 0.028 0.000 0.029 0.002 0.029 0.020 0.064 
 142 K H   0.864 0.024 0.000 0.027 0.004 0.022 0.014 0.045 
 143 V H   0.871 0.017 0.000 0.022 0.005 0.015 0.021 0.050 
 144 M H   0.900 0.007 0.000 0.015 0.006 0.016 0.011 0.045 
 145 D H   0.906 0.007 0.000 0.007 0.001 0.009 0.012 0.059 
 146 E H   0.917 0.016 0.000 0.003 0.000 0.045 0.010 0.009 
 147 T H   0.903 0.019 0.000 0.004 0.002 0.055 0.006 0.011 
 148 L H   0.911 0.030 0.000 0.005 0.001 0.021 0.011 0.020 
 149 R H   0.895 0.032 0.000 0.004 0.001 0.039 0.014 0.014 
 150 S H   0.848 0.035 0.000 0.006 0.003 0.065 0.012 0.032 
 151 L H   0.842 0.031 0.000 0.004 0.004 0.064 0.025 0.029 
 152 D H   0.792 0.033 0.000 0.003 0.002 0.052 0.021 0.097 
 153 E H   0.763 0.053 0.000 0.003 0.001 0.155 0.016 0.010 
 154 N H   0.704 0.053 0.000 0.006 0.002 0.205 0.010 0.021 
 155 F H   0.582 0.109 0.000 0.036 0.006 0.067 0.057 0.142 
 156 K H   0.451 0.116 0.000 0.063 0.005 0.204 0.079 0.082 
 157 S T   0.266 0.121 0.001 0.132 0.014 0.330 0.064 0.072 
 158 L L   0.128 0.055 0.000 0.160 0.020 0.102 0.242 0.293 
 159 S L   0.045 0.029 0.000 0.190 0.020 0.107 0.096 0.512 
 160 L L   0.049 0.075 0.000 0.162 0.015 0.224 0.105 0.369 
 161 G T   0.017 0.047 0.000 0.128 0.007 0.349 0.189 0.263 
 162 T S   0.065 0.042 0.000 0.127 0.012 0.139 0.311 0.305 
 163 A L   0.222 0.012 0.000 0.225 0.010 0.026 0.221 0.284 
 164 P E   0.247 0.021 0.000 0.320 0.005 0.038 0.094 0.275 
 165 L E   0.253 0.030 0.001 0.629 0.009 0.021 0.017 0.041 
 166 L E   0.249 0.028 0.000 0.676 0.003 0.011 0.008 0.026 
 167 L E   0.218 0.020 0.000 0.667 0.004 0.046 0.011 0.032 
 168 A E   0.180 0.017 0.000 0.593 0.004 0.079 0.034 0.092 
 169 C E   0.090 0.011 0.000 0.434 0.010 0.064 0.170 0.222 
 170 D L   0.101 0.024 0.000 0.228 0.009 0.134 0.174 0.330 
 171 L T   0.175 0.051 0.000 0.059 0.009 0.309 0.171 0.225 
 172 E T   0.183 0.058 0.000 0.028 0.011 0.318 0.145 0.257 
 173 S L   0.296 0.065 0.000 0.011 0.007 0.108 0.179 0.333 
 174 A H   0.743 0.059 0.000 0.003 0.002 0.086 0.051 0.055 
 175 A H   0.806 0.057 0.000 0.003 0.005 0.054 0.023 0.051 
 176 M H   0.894 0.047 0.000 0.003 0.001 0.022 0.013 0.020 
 177 Q H   0.919 0.035 0.000 0.002 0.001 0.021 0.005 0.018 
 178 E H   0.928 0.028 0.000 0.003 0.000 0.027 0.006 0.008 
 179 Y H   0.933 0.019 0.000 0.004 0.001 0.025 0.008 0.010 
 180 C H   0.921 0.014 0.000 0.006 0.002 0.015 0.015 0.026 
 181 R H   0.932 0.019 0.000 0.006 0.001 0.023 0.010 0.011 
 182 T H   0.931 0.021 0.000 0.008 0.001 0.026 0.007 0.006 
 183 L H   0.901 0.030 0.000 0.009 0.001 0.043 0.007 0.009 
 184 F H   0.672 0.039 0.000 0.010 0.003 0.212 0.038 0.026 
 185 N T   0.296 0.037 0.000 0.012 0.004 0.399 0.095 0.156 
 186 M S   0.208 0.016 0.000 0.014 0.010 0.192 0.297 0.263 
 187 R L   0.070 0.004 0.000 0.010 0.003 0.011 0.088 0.814 
 188 P H   0.476 0.093 0.000 0.012 0.004 0.205 0.046 0.164 
 189 D H   0.468 0.080 0.000 0.030 0.004 0.212 0.073 0.133 
 190 I H   0.556 0.069 0.000 0.177 0.004 0.032 0.051 0.111 
 191 A H   0.590 0.026 0.000 0.277 0.003 0.032 0.017 0.056 
 192 C H   0.586 0.019 0.000 0.342 0.002 0.020 0.011 0.020 
 193 C H   0.591 0.009 0.000 0.359 0.002 0.011 0.007 0.020 
 194 I H   0.597 0.006 0.000 0.355 0.001 0.009 0.009 0.022 
 195 T H   0.605 0.008 0.000 0.344 0.001 0.010 0.012 0.020 
 196 R H   0.601 0.013 0.000 0.320 0.002 0.016 0.017 0.031 
 197 M H   0.592 0.020 0.000 0.286 0.004 0.025 0.020 0.053 
 198 I H   0.580 0.029 0.000 0.249 0.008 0.041 0.032 0.060 
 199 C H   0.452 0.039 0.001 0.169 0.007 0.169 0.064 0.099 
 200 G T   0.253 0.062 0.000 0.118 0.004 0.269 0.091 0.203 
 201 L L   0.181 0.091 0.000 0.117 0.014 0.185 0.140 0.271 
 202 D L   0.121 0.096 0.000 0.118 0.016 0.223 0.095 0.330 
 203 L L   0.141 0.111 0.000 0.128 0.021 0.098 0.124 0.377 
 204 R L   0.140 0.120 0.000 0.132 0.018 0.044 0.114 0.433 
 205 P L   0.152 0.249 0.000 0.120 0.011 0.151 0.065 0.252 
 206 Y G   0.152 0.253 0.000 0.142 0.023 0.180 0.084 0.166 
 207 L G   0.126 0.234 0.000 0.139 0.015 0.229 0.096 0.162 
 208 G T   0.082 0.171 0.000 0.134 0.006 0.308 0.133 0.167 
 209 H L   0.073 0.141 0.000 0.222 0.014 0.161 0.153 0.236 
 210 V E   0.060 0.051 0.000 0.311 0.034 0.074 0.188 0.282 
 211 T L   0.077 0.021 0.000 0.287 0.029 0.050 0.166 0.369 
 212 V L   0.107 0.007 0.000 0.212 0.019 0.019 0.216 0.420 
 213 P L   0.162 0.014 0.000 0.140 0.008 0.048 0.132 0.497 
 214 C H   0.300 0.051 0.000 0.190 0.010 0.066 0.109 0.273 
 215 H H   0.343 0.056 0.000 0.315 0.011 0.041 0.064 0.169 
 216 I E   0.357 0.062 0.000 0.373 0.010 0.038 0.042 0.117 
 217 I E   0.334 0.036 0.000 0.379 0.022 0.072 0.035 0.121 
 218 Q E   0.242 0.026 0.000 0.333 0.017 0.102 0.060 0.219 
 219 S L   0.143 0.022 0.000 0.218 0.011 0.178 0.125 0.304 
 220 S T   0.106 0.047 0.000 0.081 0.009 0.371 0.204 0.183 
 221 N T   0.070 0.053 0.000 0.037 0.002 0.355 0.338 0.145 
 222 D L   0.058 0.056 0.000 0.169 0.009 0.197 0.249 0.261 
 223 I E   0.057 0.018 0.000 0.531 0.034 0.052 0.086 0.221 
 224 M E   0.080 0.007 0.000 0.609 0.042 0.030 0.060 0.171 
 225 V E   0.143 0.002 0.000 0.563 0.017 0.008 0.052 0.215 
 226 P E   0.251 0.005 0.000 0.405 0.009 0.010 0.032 0.288 
 227 V H   0.513 0.030 0.000 0.240 0.008 0.038 0.050 0.121 
 228 A H   0.550 0.030 0.001 0.158 0.015 0.063 0.024 0.159 
 229 V H   0.726 0.039 0.001 0.077 0.007 0.081 0.018 0.053 
 230 G H   0.791 0.034 0.000 0.050 0.001 0.034 0.028 0.061 
 231 E H   0.825 0.039 0.000 0.051 0.001 0.030 0.019 0.035 
 232 Y H   0.810 0.034 0.000 0.078 0.007 0.039 0.009 0.022 
 233 L H   0.780 0.030 0.000 0.083 0.007 0.045 0.011 0.042 
 234 R H   0.718 0.039 0.001 0.080 0.008 0.090 0.017 0.046 
 235 K H   0.591 0.047 0.000 0.064 0.004 0.186 0.045 0.062 
 236 N H   0.401 0.048 0.000 0.040 0.005 0.289 0.061 0.156 
 237 L L   0.127 0.028 0.000 0.026 0.014 0.259 0.194 0.352 
 238 G L   0.009 0.009 0.000 0.013 0.007 0.243 0.302 0.417 
 239 G S   0.002 0.009 0.000 0.011 0.004 0.048 0.568 0.358 
 240 P L   0.005 0.018 0.000 0.030 0.004 0.037 0.205 0.700 
 241 S E   0.010 0.020 0.000 0.393 0.016 0.019 0.185 0.357 
 242 V E   0.028 0.018 0.000 0.752 0.007 0.009 0.043 0.144 
 243 V E   0.023 0.011 0.000 0.854 0.004 0.006 0.013 0.091 
 244 E E   0.019 0.006 0.000 0.889 0.004 0.005 0.008 0.070 
 245 V E   0.017 0.002 0.000 0.847 0.012 0.007 0.015 0.100 
 246 M E   0.006 0.001 0.000 0.525 0.008 0.002 0.030 0.429 
 247 P L   0.009 0.014 0.000 0.243 0.015 0.044 0.072 0.603 
 248 T L   0.016 0.031 0.000 0.045 0.015 0.109 0.199 0.584 
 249 E T   0.050 0.119 0.000 0.023 0.015 0.364 0.208 0.221 
 250 G T   0.037 0.099 0.000 0.016 0.007 0.324 0.217 0.301 
 251 H L   0.058 0.079 0.000 0.031 0.028 0.118 0.194 0.491 
 252 L L   0.070 0.056 0.000 0.047 0.031 0.040 0.239 0.518 
 253 P L   0.074 0.072 0.000 0.042 0.014 0.190 0.103 0.506 
 254 H L   0.054 0.094 0.001 0.065 0.043 0.184 0.092 0.468 
 255 L L   0.037 0.062 0.000 0.078 0.024 0.111 0.154 0.532 
 256 S L   0.028 0.042 0.000 0.071 0.038 0.134 0.187 0.499 
 257 M L   0.038 0.035 0.000 0.025 0.011 0.026 0.378 0.486 
 258 P L   0.131 0.080 0.000 0.017 0.004 0.108 0.094 0.565 
 259 E L   0.194 0.141 0.000 0.072 0.020 0.140 0.152 0.281 
 260 V L   0.187 0.106 0.000 0.142 0.029 0.091 0.115 0.330 
 261 T L   0.221 0.056 0.001 0.163 0.043 0.051 0.073 0.392 
 262 I H   0.679 0.008 0.000 0.163 0.004 0.011 0.048 0.087 
 263 P H   0.712 0.006 0.000 0.175 0.002 0.011 0.011 0.084 
 264 V H   0.724 0.009 0.000 0.209 0.003 0.008 0.008 0.039 
 265 V H   0.725 0.007 0.000 0.216 0.003 0.006 0.009 0.034 
 266 L H   0.726 0.011 0.000 0.200 0.001 0.007 0.007 0.048 
 267 R H   0.726 0.013 0.000 0.176 0.001 0.022 0.014 0.048 
 268 H H   0.710 0.014 0.000 0.158 0.001 0.033 0.010 0.073 
 269 I H   0.681 0.010 0.000 0.140 0.004 0.036 0.029 0.099 
 270 R H   0.641 0.010 0.000 0.119 0.004 0.052 0.022 0.151 
 271 Q H   0.605 0.016 0.000 0.091 0.004 0.065 0.036 0.182 
 272 D H   0.570 0.016 0.000 0.054 0.003 0.070 0.017 0.270 
 273 I H   0.473 0.025 0.000 0.033 0.004 0.098 0.044 0.324 
 274 T L   0.295 0.016 0.000 0.026 0.004 0.125 0.033 0.501 
 275 D L   0.097 0.012 0.000 0.018 0.003 0.093 0.002 0.775 
 276 H L   0.000 0.000 0.000 0.000 0.000 0.000 0.000 0.999 
